
Called:
4020
3060
12240
8520
2520
Called:
3180
5340
4740
11520
7500
Called:
1320
9600
360
5820
4980
Called:
780
9000
5280
4440
2460
Called:
8220
1440
2040
4200
3600
Called:
8100
4320
3480
1500
4080
Called:
6600
360
2580
1920
2460
Called:
6000
2040
1380
1860
1860
Called:
6420
2700
1800
2460
2460
Called:
4500
480
360
300
9360
Called:
4500
720
480
480
5040
Called:
3660
8580
3240
3300
5100
Called:
3780
60
4320
2400
2100
Called:
3660
60
4200
2340
2040
Called:
3480
4020
2100
60
1800
Called:
3360
3900
2040
1740
8580
